%YAML:1.0
---
R: !!opencv-matrix
   rows: 3
   cols: 3
   dt: d
   data: [ 9.9995005931309522e-001, 1.6357173183832886e-003,
       9.8591738290594918e-003, -1.3746462249920374e-003,
       9.9964975121790034e-001, -2.6428871291565091e-002,
       -9.8989508279102873e-003, 2.6413998539493021e-002,
       9.9960207655529720e-001 ]
T: !!opencv-matrix
   rows: 3
   cols: 1
   dt: d
   data: [ 1.0460549004487822e+000, -2.2531271767059255e-002,
       8.4824535516832805e-002 ]
R1: !!opencv-matrix
   rows: 3
   cols: 3
   dt: d
   data: [ 9.9567855920357506e-001, -1.7691948914058474e-002,
       9.1165792301252851e-002, 1.8887658880002805e-002,
       9.9974632333653102e-001, -1.2269690995344116e-002,
       -9.0925590920958463e-002, 1.3938576638628554e-002,
       9.9576013828479970e-001 ]
R2: !!opencv-matrix
   rows: 3
   cols: 3
   dt: d
   data: [ 9.9649871469871920e-001, -2.1463867094135732e-002,
       8.0806027084405763e-002, 2.0401048976063658e-002,
       9.9969447363949859e-001, 1.3955521320324423e-002,
       -8.1080878167892917e-002, -1.2258131342543777e-002,
       9.9663214347697626e-001 ]
P1: !!opencv-matrix
   rows: 3
   cols: 4
   dt: d
   data: [ 3.2947142980851788e+002, 0., 2.5239142608642578e+002, 0., 0.,
       3.2947142980851788e+002, 2.2994655036926270e+002, 0., 0., 0., 1.,
       0. ]
P2: !!opencv-matrix
   rows: 3
   cols: 4
   dt: d
   data: [ 3.2947142980851788e+002, 0., 2.5239142608642578e+002,
       3.4585614474502046e+002, 0., 3.2947142980851788e+002,
       2.2994655036926270e+002, 0., 0., 0., 1., 0. ]
Q: !!opencv-matrix
   rows: 4
   cols: 4
   dt: d
   data: [ 1., 0., 0., -2.5239142608642578e+002, 0., 1., 0.,
       -2.2994655036926270e+002, 0., 0., 0., 3.2947142980851788e+002, 0.,
       0., -9.5262563587360261e-001, 0. ]
