%YAML:1.0
---
R: !!opencv-matrix
   rows: 3
   cols: 3
   dt: d
   data: [ 9.9950399385478261e-001, -2.6188519423103317e-004,
       3.1491231866721855e-002, 1.0485455070146673e-003,
       9.9968774150415340e-001, -2.4966378164336965e-002,
       -3.1474860137231983e-002, 2.4987014677027845e-002,
       9.9919216483961260e-001 ]
T: !!opencv-matrix
   rows: 3
   cols: 1
   dt: d
   data: [ -1.7131597914387513e+000, -3.2244723628639294e-003,
       3.0116520924971163e-002 ]
R1: !!opencv-matrix
   rows: 3
   cols: 3
   dt: d
   data: [ 9.9990301659847280e-001, 1.1802613958791282e-003,
       1.3876756836939954e-002, -1.0066745792703335e-003,
       9.9992124621976430e-001, -1.2509514962818710e-002,
       -1.3890428487473416e-002, 1.2494332369155698e-002,
       9.9982545859519067e-001 ]
R2: !!opencv-matrix
   rows: 3
   cols: 3
   dt: d
   data: [ 9.9984374563174394e-001, 1.8818843058499551e-003,
       -1.7576769684553531e-002, -1.6619798685091308e-003,
       9.9992027405256168e-001, 1.2517322459956506e-002,
       1.7598924512626183e-002, -1.2486154336274119e-002,
       9.9976715979566444e-001 ]
P1: !!opencv-matrix
   rows: 3
   cols: 4
   dt: d
   data: [ 2.0915136830804386e+002, 0., 1.5309913635253906e+002, 0., 0.,
       2.0915136830804386e+002, 1.1647804450988770e+002, 0., 0., 0., 1.,
       0. ]
P2: !!opencv-matrix
   rows: 3
   cols: 4
   dt: d
   data: [ 2.0915136830804386e+002, 0., 1.5309913635253906e+002,
       -3.5836571071747085e+002, 0., 2.0915136830804386e+002,
       1.1647804450988770e+002, 0., 0., 0., 1., 0. ]
Q: !!opencv-matrix
   rows: 4
   cols: 4
   dt: d
   data: [ 1., 0., 0., -1.5309913635253906e+002, 0., 1., 0.,
       -1.1647804450988770e+002, 0., 0., 0., 2.0915136830804386e+002, 0.,
       0., 5.8362550337003383e-001, 0. ]
