%YAML:1.0
---
M1: !!opencv-matrix
   rows: 3
   cols: 3
   dt: d
   data: [ 3.7909832733558267e+002, 0., 1.5919832103901987e+002, 0.,
       3.6865625675849384e+002, 1.1952582420535306e+002, 0., 0., 1. ]
D1: !!opencv-matrix
   rows: 1
   cols: 14
   dt: d
   data: [ 5.5790528300030673e-002, 2.1864136031439143e+000, 0., 0., 0.,
       0., 0., 1.2050378873351768e+001, 0., 0., 0., 0., 0., 0. ]
M2: !!opencv-matrix
   rows: 3
   cols: 3
   dt: d
   data: [ 3.7909832733558267e+002, 0., 1.6283918053490260e+002, 0.,
       3.6865625675849384e+002, 1.1774869860487169e+002, 0., 0., 1. ]
D2: !!opencv-matrix
   rows: 1
   cols: 14
   dt: d
   data: [ 1.3846573199777770e-001, -2.7423363860033118e-001, 0., 0., 0.,
       0., 0., -4.7176400947909576e+000, 0., 0., 0., 0., 0., 0. ]
