%YAML:1.0
---
M1: !!opencv-matrix
   rows: 3
   cols: 3
   dt: d
   data: [ 4.8348594271769565e+002, 0., 3.1801048200695760e+002, 0.,
       4.7307246045528132e+002, 2.3785349949274158e+002, 0., 0., 1. ]
D1: !!opencv-matrix
   rows: 1
   cols: 14
   dt: d
   data: [ 5.1018213674993490e-003, -8.4167094492741942e-002, 0., 0., 0.,
       0., 0., 1.4270038766786777e-001, 0., 0., 0., 0., 0., 0. ]
M2: !!opencv-matrix
   rows: 3
   cols: 3
   dt: d
   data: [ 4.8348594271769565e+002, 0., 3.2236007937319346e+002, 0.,
       4.7307246045528132e+002, 2.3470231543315435e+002, 0., 0., 1. ]
D2: !!opencv-matrix
   rows: 1
   cols: 14
   dt: d
   data: [ -3.6275366978192676e-002, 6.1577511626259678e-002, 0., 0., 0.,
       0., 0., 2.4328626642677090e-001, 0., 0., 0., 0., 0., 0. ]
